8.128305161640994592e-02
5.370317963702532456e-05
4.265795188015925705e-06
1.071519305237604802e-04
1.862087136662865725e-05
9.120108393559096371e-07
9.549925860214368827e-06
2.511886431509582273e-06
1.071519305237607005e-05
3.890451449942805078e-06
5.011872336272724970e-08
6.456542290346549792e-07
4.897788193684466131e-07
2.137962089502232467e-10
3.090295432513592026e-08
3.467368504525309636e-09
1.258925411794166167e-07
1.071519305237607084e-07
6.918309709189362545e-06
7.079457843841373718e-07
5.370317963702532936e-09
9.999999999999999799e-13
